model,init,TOTUSJH,TOTPOT,TOTUSJZ,ABSNJZH,SAVNCPP,USFLUX,MEANPOT,R_VALUE,MEANSHR,MEANGAM,MEANGBT,MEANGBZ,MEANGBH,MEANJZD,MEANJZH,MEANALP
MFR,4_50_5,0.08231578759084632,0.16272308259740975,0.04576389410018777,0.13396799433269865,0.04103363550760599,0.033389257959321905,0.12645426882646896,0.27423627836962683,0.0020178954592312277,0.002290635147087278,0.032625804286354226,0.018787098023147306,0.03764793929506372,0.0007839629079538059,0.002965568419747193,0.0029968971772490606
MFR,2_50_5,0.08055184599228526,0.17755973104587627,0.05053046410111198,0.13547189862834919,0.04024375429327734,0.01741595291033856,0.11019000503725623,0.2849649519569798,0.0022272810879659694,0.001915135244006488,0.04338796261849385,0.01937485607127853,0.030185307690588022,0.0013079194492778975,0.003186739655359768,0.001486194217554852
MFR,8_50_5,0.09776434200280737,0.16989522792819947,0.023929402001546727,0.10785066611738528,0.05241123832682728,0.02053317471176715,0.10117845817823715,0.32151560514653876,0.001358070516400002,0.001583974740149882,0.05156948954914463,0.015871333681531912,0.02730877738919405,0.001045835564688858,0.0036505403340803544,0.0025338638115012307
MFR,16_50_5,0.06153389491575734,0.11326621594844542,0.025879398832130324,0.11562700293023015,0.0636027069089347,0.04037443471131367,0.10972143207079552,0.38060426780072437,0.0022536750389566835,0.0017874468037499223,0.045742035789732606,0.012938823612789632,0.01967842550623794,0.0006715971585150218,0.003983216253266839,0.0023354257184199046
MFR,32_50_5,0.05403473376998688,0.20880527918164674,0.033158217611208636,0.14043950364441396,0.043349141561454065,0.01158795984847189,0.08184869747932738,0.3390694496607547,0.002175656116995762,0.0017466609773346055,0.03523597672851921,0.018970943297169383,0.023025028133172913,0.0009157481261556885,0.0037396759843249887,0.0018973278790632116
MFR,2_50_10,0.07413968123346062,0.14704734708189246,0.05045993914219299,0.12244102274721634,0.047321445391895194,0.03346922677494306,0.10374844569232858,0.24545233915712053,0.012367411423400072,0.012112650087988723,0.04420883641092495,0.03291825641996202,0.03506605823348871,0.012848881310368952,0.013798071029012059,0.012600387863804761
MFR,8_100_5,0.11054301172991218,0.13827272397272947,0.02797046904544001,0.12337972267224787,0.046053090317999874,0.042437514083258326,0.09486394783484514,0.3039316143218049,0.0025996731358546615,0.0022240245100759617,0.04231412911282761,0.02009652948664735,0.03937211945769556,0.0010004799003424105,0.003088984277627927,0.0018519661406907436
MFR,16_50_10,0.06624638384533929,0.11058218067826395,0.04619077019879105,0.09753562740504342,0.0640397865420095,0.040341310814103054,0.10977553988731982,0.3127541302565531,0.013422328067294572,0.01281272548196995,0.033462443148689076,0.023488847860211805,0.029592824815673345,0.011856259891966774,0.014589448242295053,0.013309392864476395
MFR,4_50_10,0.08053984089964678,0.13774946822000247,0.04442474492337354,0.11696811538421543,0.05060278939576714,0.03708644988756989,0.12070754870096688,0.23023936875307152,0.013379875828883232,0.01276781972611351,0.04593570342032421,0.026789409905861223,0.04151977164398973,0.012221957686127775,0.015264171472248962,0.01380296415183778
MFR,8_50_10,0.09833519316872628,0.15123961238191932,0.04179192354000968,0.08902395158926987,0.05909941457650755,0.028776254323578693,0.10699729783992314,0.24955369361797444,0.014496585972679983,0.013148639623087538,0.04958619044366856,0.034101432490726634,0.024133014965053746,0.011691237414566187,0.01440465707563657,0.01362090097667179
MFR,32_100_5,0.08068147856478872,0.1641875248961249,0.0378317481516601,0.11983503202458674,0.06511386261668507,0.01753170635096826,0.08991710807162583,0.3314215033973454,0.00239799347851449,0.0018820738359450364,0.036407884804910126,0.021484997315388225,0.024368120319762144,0.0008908840792630274,0.0038557051689172717,0.0021923769235146695
MFR,2_100_5,0.0784067531925225,0.12099763790781086,0.04004711656485811,0.15173663632109624,0.04779916839026032,0.02759134689011406,0.09826521974808529,0.3450852917451141,0.0018140033201964586,0.001721012265352052,0.03515696673596922,0.018837151586153164,0.025439764517888843,0.0013456407251883095,0.003973876473680523,0.001782413615709893
MFR,32_50_10,0.06406186955936384,0.17704930578866862,0.046045944463256605,0.1172635897341995,0.045487024642701004,0.0246206650545369,0.08356756436061022,0.2655139935886161,0.01405527909366413,0.012227216074376183,0.05320310626917878,0.018676181554812637,0.037264483229527745,0.01211670671932228,0.015023430591161725,0.013823639276003713
MFR,16_100_5,0.10481291823685439,0.09767659552399205,0.024088826174710355,0.12453864333586781,0.04504026459185841,0.03873115961259919,0.09265418343166879,0.37529810797043867,0.0018967552899534412,0.0034469247137409076,0.04504697900068404,0.019248183254397505,0.02128386489463736,0.0007265581827841805,0.0034368615910272252,0.0020731741947856526
MFR,4_100_5,0.11267039879409835,0.11856996954094273,0.041024381167253376,0.12549973594925223,0.06357338324790539,0.03726423309133666,0.1173005954391865,0.2764899755626273,0.0022478301927415247,0.001792183074395036,0.040025514570492415,0.01931684651404577,0.037883967963479155,0.0007169505075819788,0.00311642087193265,0.0025076135127288686
MFR,8_50_20,0.08611585188641223,0.1271617772277338,0.042929925769325486,0.07929333888367535,0.06043653462965169,0.03529792839225126,0.08803444677851802,0.2181776755765594,0.026213790054805963,0.025488062697041788,0.0509572386113395,0.04602569501658218,0.035060463805145464,0.02638790905325158,0.026066475705824484,0.026352885911881764
MFR,2_50_None,0.07159810360240552,0.12892170998146427,0.051036633933487875,0.10116620864760531,0.051977787832841946,0.04043607337518368,0.09188538964864877,0.19426405352606635,0.02830269632817342,0.02648360642709657,0.050852608169803554,0.034037431069467126,0.045729449726776415,0.02816185094226794,0.027841572984555443,0.02730482380415581
MFR,16_50_None,0.06047096101631709,0.09255266809001435,0.05018895833502587,0.0904680272437205,0.06490969472625975,0.04745668184502562,0.09132973953469121,0.23675040116562124,0.027476438052885594,0.027526877088937703,0.04779230701088202,0.03581313901713302,0.04355484411628928,0.02795979726409781,0.027899711834711086,0.027849753658387853
MFR,2_50_20,0.0786081637712478,0.12878933372131673,0.05129775403220371,0.10301129970242882,0.050699914691363895,0.03695595398835565,0.09553483440791367,0.1943501270495734,0.02631007660256677,0.024518827641221565,0.05333763435158142,0.02941906481443807,0.04839700050786437,0.02679578724311901,0.025625892477854743,0.026348334996950346
MFR,16_50_20,0.058132468125561804,0.09090224051688497,0.049139912715026386,0.09219517296518008,0.07071394097587996,0.04713344805012579,0.0888548761340969,0.2441062095675552,0.026829235072041217,0.02444557348469684,0.04998225989190876,0.03481279767070591,0.043521464750211264,0.026013817473209733,0.026858209652840567,0.026358372954074668
MFR,32_50_None,0.057038324547387956,0.14960852586289686,0.05197555932039207,0.09977262087774426,0.05239161533131849,0.032227167877643195,0.0775252760246725,0.2132853464960564,0.028242791794110437,0.025580107832460643,0.04533617725306093,0.03556855735217015,0.04866266120532413,0.02777727942020699,0.02749056319161599,0.02751742561293905
MFR,4_50_None,0.07233299674440885,0.11546827965256125,0.050082082647549334,0.0977499471035524,0.06288173629220224,0.04447755098183409,0.10190310233678451,0.18772481395763532,0.02780381769933446,0.026115971060884192,0.04867836197048853,0.03657881133467686,0.04209201536839616,0.029066955885649705,0.02890125747281566,0.02814229949122644
MFR,4_50_20,0.07092677601486085,0.11732244102617642,0.04702213831762061,0.10299646712932814,0.05590093081200465,0.05460735048966927,0.10053053733731629,0.19278243441750573,0.025988783204300377,0.02544943972387132,0.049951389182902844,0.034002531889586955,0.04218678715138326,0.027006444357913866,0.026818114241380316,0.026507434704179114
MFR,8_50_None,0.08328952553857001,0.12380638527106472,0.04511126421646261,0.08335629683642949,0.0591099126248196,0.03623017347739852,0.08317253887822958,0.21539007959839632,0.028253650913488873,0.026476745830970927,0.04638284936241697,0.04448693002263001,0.042621016420375746,0.02796415271623625,0.028102844911881867,0.026245633380628613
MFR,32_50_20,0.05679852807908083,0.14928422403147948,0.049065373816219185,0.10388549658925465,0.049125201612025354,0.032414704995892975,0.07871807143281201,0.22246143572890406,0.027843751507336437,0.0258100293727158,0.04684867212541989,0.033274021436171225,0.04409857500863341,0.026859792334447224,0.026950145952700434,0.026561975976907095
MFR,8_100_10,0.10481913892616573,0.11939897406794064,0.04646030503382531,0.10227803079582712,0.054236559526667213,0.046078387597226746,0.09767820315381347,0.2540129706100473,0.014130324283567992,0.012677941721135823,0.04754923199437525,0.031248111435579894,0.030281513963467763,0.011550281879376723,0.014418726592760946,0.013181298418222055
MFR,16_100_10,0.09351541386261053,0.09701296184263207,0.04446851961780035,0.1061590655662492,0.05186368612559287,0.03998222805749872,0.09162134050872828,0.3157709572186014,0.013208551553361956,0.012336985229672004,0.03578969772669966,0.0285962834148124,0.030150040875922275,0.011997749432822186,0.014332329375669074,0.013194189591327008
MFR,4_100_10,0.09978620663027518,0.11254358228159343,0.04638365471362815,0.10976013189725542,0.06773363724690258,0.037649569900311146,0.11069380381951167,0.23504070466687035,0.014236480343826371,0.0124980032308977,0.04868501436807319,0.025967393745673743,0.038174687678380954,0.012009946379064345,0.014934864284682523,0.013902318813053312
MFR,32_100_10,0.08143348171485491,0.14092422231630014,0.046964579713047266,0.10010191564112471,0.061708956622023074,0.029017714171750517,0.09042926334210766,0.27858257736702624,0.013491566726040504,0.012404992652936814,0.045675690449943976,0.02246864298745755,0.03648426567689481,0.011933660357979244,0.014837035417812826,0.013541434842699743
MFR,2_100_10,0.07170669562523599,0.10509855024680177,0.044813128796615906,0.13014873526318746,0.05529240781319185,0.03875804506483454,0.08954698160005799,0.29407725132385015,0.013095999941349048,0.01194252181236963,0.044885089751818145,0.028003450227536874,0.03267750646322462,0.012612733130698996,0.014232196130350053,0.013108706808876968
MFR,32_100_20,0.06946435841443968,0.12184796135932495,0.05339129554728355,0.0928249774435607,0.06176418187523668,0.03479135999124537,0.0871009076600936,0.2225787366597768,0.027744602964993256,0.025550194872058236,0.04560619915144594,0.03289131841910211,0.044244981443385796,0.02688754612449621,0.027144269151849892,0.02616710892170733
MFR,4_100_20,0.0882580015360215,0.09923314111347625,0.04738459108061365,0.09733798145309654,0.06543936507511602,0.049969266321160985,0.0973795993975845,0.19314999585203835,0.026036276882910315,0.025457111632492525,0.05148206623904099,0.03596310117717089,0.04205620245722769,0.026999988721595983,0.027282015913752428,0.026571295146701413
MFR,4_100_None,0.08946940189313338,0.09514365616579314,0.053949414274055495,0.09396723461260936,0.06769741343245228,0.04346139401921038,0.09702508685368919,0.19066375518231932,0.027356284061085683,0.026268904428142135,0.05039956242927666,0.03645967799843448,0.04271456220638381,0.028600500883637903,0.02884845272416189,0.027974698835614972
MFR,2_100_20,0.0738336855724497,0.09555744288267823,0.04893747021196547,0.10817137387095518,0.05651442750531977,0.04180652865930887,0.0823253885195664,0.23773317270188188,0.026210121741857807,0.025056268065572044,0.048887433216500735,0.03274255669103574,0.0419548736767632,0.026607819780670776,0.02712883283898033,0.026532604064493915
MFR,16_100_20,0.0818562432915549,0.08349299467630956,0.045604607685140776,0.09591964456673259,0.05710386565657388,0.04972419164296379,0.08098321144897003,0.24549370313528082,0.02735673051049461,0.024830572113880605,0.04875086081153674,0.0382813795750522,0.04131954752659342,0.026027047048157694,0.026747798415392023,0.026507601895366398
MFR,2_100_None,0.07032985073663857,0.09906315620039127,0.04691466658448169,0.10656884536245609,0.05595285803984146,0.04491928799119013,0.08373372494408995,0.23328917839813998,0.028242525147052947,0.026452112818772373,0.04564860407441821,0.03519300249526679,0.039180743122548024,0.027875789260460686,0.029081981460677246,0.027553673363574522
MFR,16_100_None,0.08276305305409432,0.08328301051051235,0.04941906134357439,0.09535356857606887,0.05348030686933455,0.04741108385824162,0.08051833947495352,0.2440064505316266,0.027466688783517035,0.026765784969272906,0.04587167124193103,0.038455318527581994,0.04236956002774869,0.027794588807000874,0.02789309909729359,0.02714841432724773
MFR,8_100_None,0.091035438602058,0.1022428279994898,0.04646591386521903,0.09002038289099148,0.05588683460796957,0.04971888190776412,0.08297553483653142,0.20937333422160645,0.02849155507309623,0.026796758631885288,0.047938840886145334,0.04161338986200585,0.04446709218106516,0.02805762074668032,0.028282872666783768,0.02663272102070814
MFR,8_100_20,0.09334080247413203,0.1049358459130081,0.04340234104897843,0.08746020281434991,0.05802653480812283,0.04855904350139189,0.08727833698381106,0.21112744087723972,0.026843020799756256,0.02507513426861504,0.05002612341774188,0.041948538233549965,0.042988700007261266,0.026719211023116723,0.02653686339479743,0.025731860434127413
MFR,32_100_None,0.0696598892931595,0.12364232555824768,0.05268704531939176,0.09086247774424805,0.0631921395421571,0.034375019832795534,0.07926078395270582,0.21683352117140564,0.028019062112031957,0.025651671884584712,0.046846177148801085,0.03684108268159156,0.049058598812102956,0.027824191421245897,0.027854347642778596,0.027391665882752162
MFR,8_1000_5,0.09711399484336115,0.14108890246475175,0.03933364014888004,0.12823315974358993,0.055343989650671443,0.03691834346060383,0.10860071601846841,0.2926855991461653,0.00260756692688147,0.0017557181813235533,0.04093360165623989,0.019841626790435215,0.027880352095440056,0.0010638360309321718,0.004398971241414383,0.0021999816008413647
MFR,32_1000_5,0.10636706242914862,0.12660706614080142,0.036851417661115514,0.14271384877409862,0.05379238259671473,0.032470682837627676,0.09199897565459944,0.31054288998049867,0.0022322926624441545,0.001722588521634149,0.03919575527695824,0.020296494682931585,0.027969226646394292,0.0011126775968971405,0.0036971542387743824,0.0024294842993614887
MFR,2_1000_5,0.09600959113033312,0.13064891160246825,0.039557941181428656,0.12221876456357161,0.0619827934813291,0.03206698060796837,0.09824487864745678,0.32012682597253744,0.002224042469173398,0.001688111514684036,0.03667859644842892,0.01958677833657496,0.03168140156187693,0.0012114191484651107,0.0042575249876249405,0.0018154383460784618
MFR,4_1000_5,0.11790469404575304,0.11678964205904621,0.03771013904101568,0.13760120108093987,0.05518489534437448,0.034488232863314955,0.09418081807530267,0.30174194767037626,0.0027646187221599186,0.0017452733191706381,0.038658877129550503,0.021105319602318588,0.03300108279715825,0.0010408323318237282,0.0037879588442908227,0.0022944670734043344
MFR,16_1000_5,0.10131533164627461,0.12429225328770091,0.03624130029667074,0.13056350903166808,0.05723624317966241,0.035315751063504104,0.0922688784168867,0.31987619027012193,0.0024270783140747302,0.0018620262018339759,0.04172053706924836,0.019658124737321942,0.03040053610821145,0.0011688229458239213,0.0035693592137389226,0.0020840582172572874
MFR,4_1000_10,0.1066742980221446,0.10785671300043122,0.04458479455851063,0.11778541258088375,0.05679382597175346,0.0385760658273451,0.09144664276533487,0.2601667451429217,0.014024876753122318,0.012253242741860513,0.044419984054731666,0.02669766496838975,0.03809732572583259,0.012034153777264625,0.014894325471871058,0.013693928637602036
MFR,32_1000_10,0.09675643453374799,0.11474258939477656,0.0443546633110393,0.12301698569799316,0.05447207155470501,0.03934854494662577,0.0913736639915807,0.2632064817547762,0.013915438435121854,0.012355655200341199,0.04312771112347373,0.027242306142775206,0.03524070333026654,0.012190076162897408,0.015037459798266354,0.013619214621613009
MFR,16_1000_10,0.0916614221386548,0.11206676696890715,0.046317816722366914,0.1132766807211183,0.05936150357149496,0.04098469188161999,0.09201693359194145,0.2704519770416451,0.013675964896248756,0.012378286196265704,0.04345114792505743,0.02795016532176433,0.03589368646852361,0.012207556647112547,0.014687028503576754,0.013618371403702244
MFR,2_1000_10,0.08920192966126171,0.11522644625444395,0.04627154956713742,0.10614663380744095,0.060896887214411846,0.03972674271007228,0.09174215057013915,0.2768116322509041,0.01418008361159085,0.012088368062662412,0.042036441353924356,0.02848641908325141,0.03613514164314376,0.012034536734240016,0.015267981282317464,0.013747056193058329
MFR,8_1000_10,0.08758775016516304,0.12369055244348573,0.04783490318118773,0.11214584530353067,0.05786920309718975,0.04216957612725653,0.09973166012944007,0.25142356153861056,0.014077013488699627,0.012223987203291382,0.04645541797401118,0.028928910318731422,0.03468634147923171,0.012081484311285175,0.015123560170536891,0.013970233068348421
MFR,4_1000_20,0.09370834693527055,0.09623469049893818,0.048665489760833305,0.10455952578781517,0.0587833587975212,0.04508387652144308,0.08433521011361332,0.20822700522920928,0.0268607605638441,0.025295925405480875,0.049761642592084834,0.03552756944667422,0.04286568686445668,0.026669675419305486,0.02717495407668635,0.026246281986823283
MFR,8_1000_20,0.07900699477935108,0.10755496355363592,0.05038303238161934,0.09728957450682577,0.0611134848006848,0.04749408892098193,0.09350164134471488,0.20176593125561695,0.027178540877701066,0.02523996636263839,0.04762701094961733,0.03850563794342934,0.04316417565440799,0.02659949302518649,0.027172076538422824,0.02640338710516591
MFR,8_1000_None,0.07921426216517753,0.10528775523264927,0.051437464271167015,0.09689925728090555,0.059953196854204235,0.04782554649447203,0.09156133725622036,0.19722608373060121,0.028315981944387118,0.026756868938685563,0.04985523630531877,0.039563491443839506,0.04197472571856215,0.028024906249649872,0.028466080756358543,0.027637805357801335
MFR,32_1000_20,0.0864236813690087,0.10088723610722991,0.049584010680066126,0.106831290539325,0.05729245556083325,0.04568524783682732,0.08252665633581875,0.20939479562257154,0.027161352143507938,0.025510494257029673,0.048927609955763014,0.03648307744666383,0.042760908380952214,0.026872637751700984,0.027152261315394874,0.026506284697306853
MFR,2_1000_20,0.08216804553980894,0.10252034095546303,0.05095003548827691,0.09439886970106592,0.06317529839886998,0.04419086248515735,0.08712781551215232,0.21482591687116526,0.02690236053766505,0.02518673455888047,0.04741551753730619,0.03730298268737599,0.043579420954920775,0.026450595556998094,0.02715793246051128,0.02664727075438245
MFR,16_1000_20,0.08349076217743928,0.09872571272679594,0.04967439104458965,0.09996126263678719,0.060631089499060084,0.046522419624692064,0.0848311140995079,0.21367527585964155,0.027129935803210305,0.025574658846303368,0.048767283852552495,0.037733488758166914,0.043010160938344845,0.026631202568359238,0.026968209793083696,0.026673031771465485
MFR,32_1000_None,0.08500406017354512,0.09903789996083599,0.049890136108813744,0.1066613298214964,0.0577515968409586,0.045247221092531105,0.08086260416748613,0.20620010721811186,0.028349474095461447,0.026521693225722794,0.04838354560040462,0.03762958605201203,0.04445316279360599,0.028072189608855214,0.028221976471832447,0.027713416768326372
MFR,16_1000_None,0.08125795619366721,0.09866364419764233,0.050700580672069305,0.09836331453022586,0.06072477113919795,0.04697573342950728,0.08362293604625207,0.21022257897652102,0.02815256203728014,0.026855672836673315,0.05022995064252517,0.03735857057616353,0.04322093861485304,0.02807402902399867,0.02801628272744562,0.027560478355977528
MFR,2_1000_None,0.08003102643387436,0.09961446549931526,0.052495219290646725,0.09337491242286482,0.06256653267743767,0.04527884236663728,0.08534695564089796,0.21232482712361256,0.028537271796566586,0.02660416465033709,0.04675694817187121,0.03877165080548335,0.044115784881555084,0.028086257988321043,0.028342208757202024,0.027752931493376924
MFR,4_1000_None,0.09228826938563281,0.09528060355248073,0.04894173727264374,0.1028338292313412,0.05908781860404497,0.04561355492089456,0.08225338769944186,0.20321000699999345,0.02830259331063862,0.026567145971655576,0.05107563801943958,0.038135226796856415,0.04244453803333058,0.028044733751380748,0.028319021302454308,0.027601895147770946
SHARP,2_50_5,0.15011652560103328,0.20600473763255459,0.21620423088252122,0.04046502083303359,0.03275264745117082,0.03805631220203547,0.035471428006701625,0.21869202790346115,0.01933330432176888,0.01420550351783173,0.011483740780467084,0.005891409613219061,0.004773240785279709,0.0014295023228415085,0.0025574774459498437,0.002562890700130516
SHARP,2_50_10,0.13152537486860372,0.1771541758304398,0.18028486591613388,0.043485458828394205,0.04025409182620035,0.04584437559342287,0.04230182684674116,0.1940049751041121,0.02962743488056116,0.0234892358275627,0.01940525570516596,0.016674226098255817,0.016163645613997146,0.01306468295841087,0.013364563746602222,0.013355810355396047
SHARP,2_100_5,0.1466630437248973,0.15066361511884885,0.2104642296806702,0.042598856623338,0.02650375169390295,0.04756587877715865,0.028768750218321905,0.2929256555546963,0.019283393559995782,0.008545960620573967,0.008498167868719562,0.005938628374800727,0.004807791727679298,0.0013971314635529738,0.0026303727781269233,0.0027447722147167586
SHARP,4_50_5,0.1652329346660086,0.23258787205597614,0.14280686601254686,0.03930429386542164,0.052205885858254523,0.0768314358011175,0.03189024983653042,0.20910217186384916,0.00806474787060888,0.015701241925356126,0.00869478638332758,0.006464807281918516,0.0042847791171893804,0.0020836257241176066,0.0021460748581245987,0.0025982268796524714
SHARP,32_50_5,0.11671350323963725,0.2618413810754018,0.12198983935221748,0.04338636635415036,0.06648772139507497,0.038712680086867235,0.033278510841080015,0.27230497538561876,0.018067358406906733,0.0033899899828912852,0.004569969098329913,0.008077147336909217,0.004109142193702552,0.0015374004086987094,0.0025075013443889333,0.0030265134981247296
SHARP,8_50_5,0.16681368950975742,0.21471165211565293,0.11496554923775162,0.04345871417212025,0.061738884214786585,0.027284952061805277,0.0356848442885629,0.2761735807004344,0.0200641478045644,0.014103394160962377,0.005783302009819174,0.006863860823686662,0.005018809731376072,0.0014203589934743267,0.0023996152826280827,0.003514644892617471
SHARP,16_50_5,0.10305702765178136,0.16336276590092136,0.14702822698912035,0.0212850323876117,0.08009528906642986,0.06552771554574516,0.03352708192415664,0.3263030457009167,0.03443621471772284,0.003508588836402817,0.004495439376666686,0.005993082611296108,0.004707799925366546,0.0014375892642623331,0.0025369338948020488,0.0026981662067974447
SHARP,2_50_20,0.11590204953687996,0.14419300817675945,0.15031527432036845,0.050750929254577894,0.04547150947606183,0.05038198448308941,0.050091378970495315,0.15730382200194926,0.035105305461617616,0.03390700138942207,0.030008788452478185,0.028354746469339723,0.028799949913801436,0.02793351247923431,0.025396639538985,0.02608410007494009
SHARP,2_50_None,0.10727346687347755,0.1448795104700151,0.14935807678703664,0.04922389362410565,0.04822378708345421,0.050252482583068574,0.04863838127215723,0.156246573027686,0.03617050682154737,0.03555989673080223,0.03025369030511025,0.02955342637029232,0.030158946282502545,0.029639627133066813,0.026675172268348715,0.027892562367328858
SHARP,4_50_10,0.14691202958792995,0.19788909385311212,0.12227185813442139,0.04013507776948185,0.056287784977102295,0.07783563438764635,0.04257172707879431,0.18085981529404374,0.016792080352883033,0.02406624703429658,0.020341808326744044,0.01643972719177082,0.016260760390361197,0.014502086307475438,0.012318441197229668,0.01451582811670723
SHARP,8_100_5,0.18769768868941974,0.15990333813619473,0.10678453028742556,0.06051747213629308,0.0490015111504237,0.07689671694247334,0.03484702202608959,0.25305455959191436,0.032234047853125385,0.014915512091208278,0.0053713706335521425,0.006051963573424853,0.005208880960551133,0.0015950376015226365,0.0025786531299669306,0.0033416951964146784
SHARP,32_50_10,0.11370156577995726,0.22703191609112963,0.11256594193681865,0.05058457642671498,0.05984732907186277,0.042651910165195366,0.04208534002636928,0.22084159396350025,0.026536174735739687,0.013162929741498592,0.015635177089243595,0.017078543137226485,0.016355613918675835,0.014446188306117179,0.012916498780385444,0.014558700829564945
SHARP,8_50_10,0.14878172642808019,0.1839035811292445,0.10344380305888536,0.044831297701742094,0.0632307517999762,0.03409516935536221,0.04187253082038947,0.23717318904265716,0.02968145968221699,0.02322298805841237,0.015541178869621306,0.016780013363332274,0.016020307319750283,0.01320662135080616,0.01394616816380182,0.01426921385572161
SHARP,32_50_20,0.1015298413651958,0.18375519326255393,0.0975245049780937,0.05229789923605838,0.05869011366640535,0.04839722728246452,0.04848687369117961,0.1812734279811766,0.03799329902567179,0.02610353707706141,0.027388591178356944,0.02823183659725813,0.029373245140444725,0.027553585584353155,0.025740953597048023,0.025659870336678017
SHARP,4_100_5,0.20063856536247424,0.1807231658868648,0.14058505001748003,0.03242674535983461,0.0738992805259025,0.062499897877207944,0.03472714139175805,0.22113203015137817,0.007743757428925676,0.02025872560910176,0.007174715301713533,0.006336685139682275,0.004956219563214462,0.0021626847803222714,0.0022455300084953684,0.002489805595644274
SHARP,4_50_20,0.1269590422319484,0.164013883414716,0.10402730130341525,0.045774353264330214,0.0564704078966608,0.07360814181640256,0.048082173370770885,0.15191466295089048,0.02925776982213633,0.03397924502381039,0.03011678606246369,0.029092352462463524,0.028191371441765468,0.026746084833025166,0.026063486219295398,0.025702937885905486
SHARP,16_100_5,0.17331320871002281,0.14710882505131884,0.11862235277132879,0.03870380206433391,0.05971952918179794,0.053158300556356224,0.020012865473559793,0.3222764069194719,0.03981743590724202,0.0034244719762160625,0.004838029145200389,0.007437044564989337,0.0048290769818535514,0.0014831409971581327,0.002381904928878644,0.002873604770271735
SHARP,16_50_10,0.09785695599204679,0.1440555130788293,0.13029011867446166,0.027711049919052367,0.07878692042022636,0.06628715790505203,0.040321445368856734,0.27419478839622274,0.03825375017998054,0.013815596964806179,0.01665697776876386,0.01665195736889118,0.015801600775819366,0.013388699372608786,0.012366937749664141,0.013560530064717982
SHARP,32_100_5,0.1475609098455034,0.19750517763617403,0.1292824897570613,0.043839044485577315,0.07389999387300185,0.05321643825432048,0.037894163192442425,0.2748418814838356,0.01312534384793026,0.0036875475750931157,0.006452094672851101,0.0069172419716218795,0.004515335145998331,0.0017829829441167475,0.002736111005573262,0.0027432443088991
SHARP,16_50_None,0.08761851448525519,0.12184354789969966,0.11220517544767486,0.037154078986789546,0.07068774278974349,0.06623788657270166,0.05001707711014406,0.20831133910614824,0.045530481651240864,0.028856808088094033,0.029644909314754626,0.029076715738588457,0.02953123173245177,0.02822959720302238,0.02793020945753383,0.027124684416157306
SHARP,16_50_20,0.08014506061124996,0.12336135410996092,0.11910207401171216,0.03515721170413697,0.07081530071199296,0.0667280650384485,0.048409484982072114,0.2201204658706176,0.04413888844761857,0.02787678883960718,0.027097915611327517,0.028463814054060628,0.029382007150069944,0.02743246290640405,0.02594638232388521,0.025822723626835797
SHARP,8_50_20,0.12877998855954223,0.15293818926177247,0.09438629374502912,0.0485148761317267,0.0648354131715622,0.04188846862686249,0.04913877754902702,0.18377982521839792,0.03609192218057144,0.03383263013764817,0.02928095552833078,0.026922226245982974,0.028873470747352997,0.028190589482200108,0.025958637949744165,0.026587735464249262
SHARP,4_50_None,0.1230060957908128,0.16469553885483182,0.10501767516257747,0.04582503864449882,0.05698923411815772,0.07182844364281578,0.04855258784118266,0.14366996136105278,0.029927843115117692,0.03555439676775597,0.03106007018139487,0.029266654589659824,0.030362261663997223,0.029489118229342057,0.027117953314462828,0.02763712672233979
SHARP,8_50_None,0.12063747550918748,0.1490227978611601,0.09605359922766535,0.050557119982773784,0.06241452138177595,0.042282360234451394,0.048227091972478965,0.18651857892501245,0.038850819535088475,0.03469348933259451,0.03003379799814164,0.027716910118336848,0.029941622556150186,0.02837563934633686,0.027588016774196547,0.0270861592446495
SHARP,32_50_None,0.10031737536642174,0.1799315705974644,0.09347036637822585,0.050640166360430755,0.0628580271692434,0.04954476419959677,0.05046888701961717,0.17597489161499538,0.037793681564266914,0.028043188604313915,0.028915547357206854,0.028977442609404335,0.030258923335991547,0.02941130802793102,0.02658124089728296,0.026812618897607075
SHARP,2_100_10,0.1300529672734653,0.1348155872603592,0.17751731014199337,0.04449849847991277,0.035599785848590894,0.05154475884538681,0.03707794009714112,0.2504673676926418,0.028312927312499295,0.018632743574900017,0.018004738715725912,0.016864817224816045,0.01622757100466586,0.01332736471909111,0.014089455259773776,0.01296616654903669
SHARP,8_100_10,0.16415328437713703,0.14189962340909276,0.09420558772981988,0.05647798801323297,0.05383591232707366,0.07605150589512762,0.041560791936408055,0.22197602226920599,0.03779685767212027,0.0220572478303491,0.015426235378946721,0.016431701981878852,0.016342718855683093,0.013940081070104941,0.013657177250299574,0.014187264003519537
SHARP,16_100_10,0.15387731574084232,0.13164673863042053,0.10773747119180653,0.04181233101970955,0.060980115933737256,0.05528462780813752,0.029713806374977843,0.2732089997362779,0.04212583007879662,0.013536731135867917,0.016181532941940257,0.016908748923179995,0.016915560026215463,0.013984226234854586,0.012553457032816124,0.01353250719041966
SHARP,4_100_10,0.17536519289810132,0.1573334621201688,0.12470187542545734,0.03678857185043796,0.07159424505951854,0.061177394019745444,0.04235594208128968,0.19309486790118632,0.017126899087281,0.02785985163210243,0.017882770317097577,0.01660312835153204,0.017277680473468598,0.013979964960846922,0.012717950224635427,0.014140203597130663
SHARP,32_100_10,0.13265261627049157,0.1752735332717531,0.11752282339778629,0.04829455899238765,0.06680216254667676,0.05487702554834189,0.04543012544999405,0.23061116506989499,0.022937481464273296,0.012966909187081082,0.01695172381144123,0.0172636923553285,0.016630461012690757,0.01462867391594151,0.013084951101423895,0.014072096604493503
SHARP,2_100_20,0.11288959678577712,0.11438154064839855,0.14912127914731793,0.04987218347982709,0.04198859513624083,0.05507235535539693,0.045107042118928416,0.20092819720993982,0.035479353826117214,0.030332573483482107,0.028840068782420788,0.02759750554551728,0.029150402796806058,0.02730474485652533,0.02561988122358009,0.026314679603724498
SHARP,16_100_20,0.124760978917886,0.11631084028461235,0.09756151361888557,0.045207812454600545,0.05993220755186496,0.05913682328306344,0.04039141374599833,0.21777736948478885,0.04810843864538057,0.027417524562108598,0.027293228601991574,0.02779327968799315,0.0294674908110006,0.027298555529402014,0.025960848561354288,0.025581674259069317
SHARP,8_100_20,0.13854532043127668,0.12251173197107161,0.08899070923737071,0.05777457289814343,0.055929161842910774,0.07233334881178072,0.048922022788068384,0.1727145598559507,0.04352956971669581,0.034014062822306006,0.028342738482591202,0.027460415315414606,0.028792593171458505,0.02850104475206637,0.02569304114307761,0.025945106759816903
SHARP,4_100_None,0.13997617379296634,0.13420043946673396,0.10532255744678336,0.04410383864653156,0.06724736114994208,0.061378478209161855,0.048598447885343135,0.15646589251934281,0.0308554196228619,0.03813192741958516,0.030255558009230774,0.0293594112100046,0.03040157667194143,0.02932211962446432,0.026988491578179712,0.027392306746926984
SHARP,4_100_20,0.14432540530877097,0.1349538911269647,0.10635123195958272,0.04436299037749908,0.0665229639105656,0.06214530037418858,0.048895944505304795,0.1598780219816377,0.0292333479765702,0.03742468661968563,0.029074951145177268,0.028563341418863228,0.02875279410958663,0.027524886485063328,0.02607874117260814,0.025911501527931383
SHARP,16_100_None,0.12445325773478476,0.11378907719464017,0.09587414003020327,0.0476151662707746,0.06003957574789867,0.057994229063919024,0.041796506375921555,0.20993432963140898,0.04831178750339987,0.02851044469351383,0.0296220629706896,0.028957062518406282,0.03003773430481329,0.028666050783211463,0.027226076354250724,0.027172498822163868
SHARP,32_100_None,0.11408310888774838,0.14204114417874963,0.09912246790638224,0.04988329522149678,0.06772171585906266,0.057522060857008,0.0514814885174774,0.18199797104672016,0.034146225721161626,0.028882608476066426,0.03000758572874725,0.029394287579618757,0.030130820626006683,0.029422308897913137,0.02664387583419218,0.027519034661648522
SHARP,8_100_None,0.13204899359897937,0.11984212658654134,0.08998668427645949,0.0582896297935635,0.05710814351930254,0.07140796715014104,0.048573941601940326,0.17194705016911369,0.04472868534969063,0.03481009945521987,0.0299929736898075,0.027609212042858683,0.030133960066671444,0.02901826635118967,0.027325103544355956,0.027177162804164885
SHARP,2_100_None,0.10844311484308079,0.11468322394733763,0.14561422310885833,0.050488504013886236,0.04323031792130157,0.054591418751828796,0.044858969100729416,0.1959613043218598,0.03694590998939928,0.031884137771485396,0.029524375968654707,0.02921523930167185,0.031076573190815675,0.029333986006389277,0.026755520193258525,0.02739318156944277
SHARP,32_100_20,0.11491285414749872,0.14517890152751708,0.10404150370667008,0.05084268867788144,0.06466513097701988,0.05751366436028711,0.04952124236236851,0.18612714036297817,0.034007456148622016,0.02696115119604657,0.029059107311530042,0.027905971678046638,0.029468393254897477,0.027827195234030842,0.026197739918795336,0.02576985913581015
SHARP,4_1000_5,0.21592636500472726,0.15182547912568525,0.11780010714805912,0.05120416212556274,0.07063542017900173,0.06550988322730342,0.028895242648661112,0.24320602774265201,0.017749037695386,0.012219981230732643,0.006140602042307893,0.006730697761777156,0.0050723802671947356,0.0017134886682960008,0.0025116043990399462,0.0028595207336129945
SHARP,32_1000_5,0.19271874305743247,0.1641602969659697,0.11886654726609128,0.052660516658515816,0.07343000598187657,0.0715189162025353,0.024839323999399306,0.2538553212254126,0.015905842973874047,0.007182341973613784,0.005752544690246971,0.007054951975635746,0.005018889135284233,0.00157175216130456,0.0025694022589335874,0.0028946034738740367
SHARP,2_1000_5,0.17798780945843748,0.15257048258665162,0.14499227992800723,0.039732779943645685,0.07209668090418793,0.06107443233080465,0.030996095396908573,0.2617004697215861,0.02133647787964611,0.012873381907891026,0.006078938836677042,0.0067232736924856045,0.004971396123549953,0.0016231262362676056,0.0025211951567940174,0.002721179896459337
SHARP,16_1000_5,0.18062477139738434,0.16228166013750858,0.12409853073139572,0.05107373810284666,0.07191981111716904,0.06811741753272792,0.02810974957629123,0.259110204268247,0.019923383230547216,0.009160177651576222,0.006138917164988634,0.007806332398043082,0.004802292407076783,0.0016184259370044497,0.0025153190876976497,0.002699269259495438
SHARP,8_1000_5,0.1761077760469193,0.16483852799107096,0.132325663261706,0.047206262548551356,0.07320193811123649,0.08535929517237048,0.027455187727267804,0.23510293671875332,0.020120699876839614,0.015063991917417772,0.004746643073550204,0.006547260101951287,0.004781223326541376,0.001791300437386093,0.0024793434277591304,0.0028719502606789266
SHARP,4_1000_10,0.18525608778779082,0.13500977142120973,0.1089488278959322,0.05073308861904429,0.06714032964072443,0.06482725022438987,0.03669937426106181,0.21187883570971283,0.02616325801334805,0.021313881846580365,0.017426764336097956,0.01706504539973786,0.01643189321290249,0.013886256389579825,0.013491090946090595,0.01372824429579676
SHARP,16_1000_10,0.15745956965290372,0.1437324906045498,0.11429702141039166,0.05148214427189734,0.06783928356938873,0.06694940902771777,0.03700548409785173,0.22276469300597387,0.02761248052410767,0.01859169820887242,0.017228286402544465,0.017784307307293325,0.01661593770058318,0.013808198271769337,0.013401875805031643,0.013427120139123394
SHARP,2_1000_10,0.1542325898852154,0.1369138102863159,0.12939886631339304,0.04190882500880408,0.07027431926736494,0.06191488292439399,0.03839205029894945,0.22420157395420334,0.029274183519395966,0.02225687112523548,0.016524668468458167,0.01732332524786277,0.016721235522392134,0.013807274181234605,0.013361684085500073,0.013493839911280678
SHARP,8_1000_10,0.15412008865025542,0.14577574334647725,0.11816593966864865,0.04678153294030212,0.06897566540821445,0.08184859551122801,0.03638910695977646,0.2056501141569635,0.027870546296974788,0.023065465292576026,0.016492396532687862,0.017202875751965257,0.01666522567075289,0.013908286667626814,0.013351654919412082,0.013736762226138488
SHARP,32_1000_10,0.16683160375605127,0.14641613068217504,0.11077280456107634,0.05183236092292826,0.06747685948462145,0.0697940264511536,0.033777071364415386,0.2196852967052826,0.024529734177892035,0.017065375310571198,0.01668595269950167,0.017965715230465154,0.016471845616162547,0.013840289472448137,0.013143900311311296,0.013711033253943976
SHARP,16_1000_20,0.13215525717963686,0.12397356797791387,0.10072359070873492,0.05388658921425145,0.06629194019162875,0.06693156790171194,0.045246538683914754,0.17800482938618759,0.036658357748263606,0.02997040168029781,0.02850491533095157,0.028460311211694105,0.029432136390813612,0.027776555657969028,0.025691702125348666,0.02629173861068149
SHARP,16_1000_None,0.12795727851739017,0.12176076916676509,0.10014894288644383,0.054502385523910034,0.06663403689474205,0.06648586663925368,0.04562005289995062,0.17440144752229028,0.03789631463187355,0.03125723501632139,0.029713183705952027,0.02961167441307672,0.03043200422940945,0.029115551040272004,0.026958721447195983,0.02750453546515312
SHARP,2_1000_20,0.13049248547557946,0.11761255971675509,0.11196957217416488,0.04761007273894262,0.06704802089052073,0.06224419411339856,0.04622971914720455,0.18144331969054373,0.03757229374963288,0.03270090053289192,0.028668959191233086,0.02777719467550263,0.029206597853083768,0.027651675353061084,0.025666870163682343,0.026105564533802837
SHARP,4_1000_20,0.15254525352428272,0.11756886916358691,0.0968207567206753,0.0539535703962776,0.06466931126293465,0.0647295144517785,0.045284447644678795,0.1710878553579003,0.03577138901174192,0.03235455096724143,0.02852639065075864,0.027765342001295927,0.029335320007843443,0.027842610622610144,0.025835809418933556,0.025909008797460196
SHARP,8_1000_20,0.12991582843068983,0.12431198045743415,0.10563028961230844,0.051520917475221834,0.06717220227938987,0.07682730696827533,0.044585208898682616,0.1648142409658426,0.037056518073595196,0.033668787941204155,0.028018409954996965,0.027986039944528394,0.029104422933132357,0.027585700030111647,0.025649925734045988,0.02615222030054066
SHARP,2_1000_None,0.1279744558598247,0.1161900143770471,0.11085894413700462,0.048553685184644486,0.06687453402523448,0.061986813251760205,0.04692875124496118,0.175582700119916,0.03849666283503359,0.03374125027421987,0.029614638125254614,0.029213174810000832,0.030635448518117676,0.028930381392185907,0.027056378207799804,0.027362167636994977
SHARP,32_1000_20,0.139243734450171,0.12545217835784975,0.09740475578583768,0.05438932142491382,0.06613310700690335,0.06902867107014755,0.04278170867933099,0.1757245279248492,0.034638664719146006,0.0293678963606578,0.028295121116571845,0.02848740278653682,0.029168437332571472,0.02771080358256226,0.02599191325800275,0.02618175614394782
